101010030011021001101121951010121111  93292100000
10101003001102100110252075101011049
10101003001102100110351045101
20101003001102100111123021000522150003
301010030011021001120001220Lisa                1
101010030011087002101114011010320911  919521
101010030011087002102224111010320611  91952112121
10101003001108700210331205101031081       92
10101003001108700210432155101031061       9200000
10101003001108700210531135101031051       92
10101003001108700210631115101011031       92
10101003001108700210732095101011039
10101003001108700210832065101012009
10101003001108700210931045101
10101003001108700211031035101
10101003001108700211131005101
10101003001108700211242702201012041       9205020
20101003001108700216              0012
301010030011087002120001215Bart                1
301010020012112003120001225Lisa                4
101010010011056004101113711010121311  914521
10101001001105600410222301222012121       9201011
10101001001105600410332005101
20101001001105600412121012000534240003
301010010011056004120001217Bart                1
101010020012074005101112711010120611  610131
10101002001207400510222241101012002       9201010
10101002001207400510331085101011029
20101002001207400511135011000665250003
301010020012074005120001219Lisa                1
101010030011007006101124721010121311  41652104040
10101003001100700610231225101011131       92
10101003001100700610331205101011131       92
10101003001100700610432075122041039
10101003001100700610562165101021111       9200000
20101003001100700612123032000556140005
301010030011007006120001219Lisa                1
301010030011054007120001229Bart                3
10101001001102400810112804201012111       9213080
101010010011024008102612651010120611  525241
10101001001102400810362215101012041       9200000
10101001001102400810461145101012041       92
20101001001102400811123061000421140004
301010010011024008120001221Bart                1
101010010012048009101123621010121111  23802105050
10101001001204800910232145101011101       9200000
10101001001204800910331125101011091       92
10101001001204800910432085101011059
10101001001204800910532085101011059
10101001001204800910632045101
20101001001204800911121023000555250006
301010010012048009120001229Lisa                1
10101002001109301010112594201012111       9210090
10101002001109301010232215101011141       9200000
10101002001109301010351045201
20101002001109301011123021000421140003
301010020011093010120001218Maggie              1
101010010011124011101123151010121511  23802101010
10101001001112401110231025101
101010010011124011103513751010121411  931421
10101001001112401110462135101012002       9200000
20101001001112401112521023000556250004
301010010011124011120001220Lisa                1
101010030011054012101113311710121611  348021
101010030011054012102223612210121311  23802106060
10101003001105401210332195121011131       9200000
10101003001105401210431185121011101       92
10101003001105401210532115121011061       9299999
10101003001105401210631095121011059
10101003001105401210732055121019999
10101003001105401210832025121
10101003001105401210951185171061121       92
20101003001105401212621022000522140009
301010030011054012120001224Bart                1
101010020011074013101115312210221211  830021
101010020011074013102223412010421111  91002104042
10101002001107401310331045101
10101002001107401310431045101
10101002001107401310532005101
10101002001107401310632504101012002       9204040
20101002001107401311121012000522240006
301010020011074013120001219Maggie              1
101010030011034014101114811210120411  930021
10101003001103401410222451201012061       9215110
10101003001103401410331155101011041       92
10101003001103401410431145101012041       92
10101003001103401410531114101012031       92
10101003001103401410631105101011041       92
10101003001103401410732095101011039
10101003001103401410831075101011029
10101003001103401410952095101012009
20101003001103401411135012000662240009
301010030011034014120001215Bart                1
301010010011058015120001223Lisa                3
301010010011061016120001218Lisa                4
301010020011128017120001225Lisa                3
101010030011097018101127142010120111  61013100000
10101003001109701810232331101012061       9208080
101010030011097018103521551010120611  9900 100000
10101003001109701810451145101011111       92
101010030011097018105521351010120611  9900 100000
10101003001109701810652115101011061       9299999
10101003001109701810752055101019999
10101003001109701810852035101
20101003001109701811123021000555250008
301010030011097018120001221Maggie              1
101010020011140019101114111010120411  610131
101010020011140019102223912010120311  74203107070
101010020011140019103322051010120411  74203101010
10101002001114001910451025101
101010020011140019105311951010120311  610131
101010020011140019106321351010120221  74203100000
101010020011140019107321151010120221  74203199999
10101002001114001910831035101
10101002001114001910931035101
10101002001114001911031015101
20101002001114001911134011000665250010
301010020011140019120001218Lisa                1
301010030012055020120001225Bart                2
101010020012131021101124842010120021  61013101000
20101002001213102111135011000665250001
301010020012131021120001227Maggie              1
101010030012013022101113012010120611  610131
101010030012013022102223211010120411  61013100000
20101003001201302211135011000666250002
301010030012013022120001221Bart                1
20101003001202102311139  4        0000
301010030012021023120001228Maggie              1
101010030012122024101113411010120411  610131
101010030012122024102223311010120411  61013107061
101010030012122024103321551010120611  92014100000
10101003001212202410431065101012009
10101003001212202410531055101019999
10101003001212202410631035101
10101003001212202410732005101
20101003001212202411135021000666250007
301010030012122024120001226Lisa                1
101010020012032025101112812010120511  610131
101010020012032025102222712010120021  74203102020
10101002001203202510331085101012009
10101002001203202510432045101
20101002001203202511135011000665250004
301010020012032025120001218Maggie              1
301010010012054026120001227Lisa                2
301010010011086027120001219Maggie              4
101010030012136028101113511010120411  610131
101010030012136028102223711010120611  61013109071
10101003001213602810332135101012041       9200000
10101003001213602810432115101011011       9299999
10101003001213602810532085101011029
10101003001213602810632075101011029
10101003001213602810732035101
10101003001213602810831005101
20101003001213602811135041000665250008
301010030012136028120001222Lisa                1
101010010011095029101115511010120021  610131
101010010011095029102225312010120411  61013107040
101010010011095029103311851010120511  610141
10101001001109502910431105101011051       92
20101001001109502911135061000666250004
301010010011095029120001219Lisa                1
101010010012054030101113011010121011  610131
101010010012054030102222411010120611  61014105051
10101001001205403010331115101011061       92
10101001001205403010432095101011049
10101001001205403010531045101
10101001001205403010631025101
10101001001205403010732005101
20101001001205403011135031000665250007
301010010012054030120001215Lisa                1
10101003001108603110112784221012111       9203010
10101003001108603110232564101032111       9203030
10101003001108603110352235101012111       9200000
10101003001108603110452195101032081       9200000
10101003001108603110552135101031091       9200000
10101003001108603110651045201
20101003001108603111125012000522250006
301010030011086031120001218Bart                1
101010020012108032101112711010120411  610131
101010020012108032102221612010120411  61013101010
10101002001210803210332015101
101010020012108032104424341010120421  92014113070
10101002001210803210552155101012002       9200000
10101002001210803210652115101012002       9299999
10101002001210803210752085101012009
10101002001210803210852025101
20101002001210803211135021000665250008
301010020012108032120001222Lisa                1
101010030011056033101113911210121311  936031
10101003001105603310222291201012081       9203030
10101003001105603310331065101012009
10101003001105603310432055101019999
10101003001105603310531025101
20101003001105603311125012000544250005
301010030011056033120001220Lisa                1
101010020011006034101114212010121111  910021
10101002001100603410222351101032081       9207060
10101002001100603410331185101011091       92
10101002001100603410431165101011061       92
10101002001100603410531145101011041       92
10101002001100603410632095101011039
10101002001100603410731125101011021       92
10101002001100603410832025101
20101002001100603412123061000522250008
301010020011006034120001215Maggie              1
301010020011045035120001217Maggie              4
301010020011052036120001228Bart                4
20101002001105503711129  4        0000
301010020011055037120001220Maggie              1
101010030011017038101115211010120911  517521
10101003001101703810222541101012131       9213130
10101003001101703810331265101012131       92
10101003001101703810431255101012131       92
10101003001101703810531235101011131       92
10101003001101703810631225101011131       92
10101003001101703810731205101012111       92
10101003001101703810831195101011111       92
10101003001101703810932165101011121       9200000
10101003001101703811031155101011111       92
10101003001101703811131135101011101       92
10101003001101703811231115121011061       92
10101003001101703811332281101012151       9200000
10101003001101703811452045101
10101003001101703811552145101011091       9200000
10101003001101703811651045101
101010030011017038117614912010120611  8360 1
10101003001101703811861075101011029
20101003001101703812121033000111140018
301010030011017038120001226Bart                1
10101002001204703910112624201012032       9210050
101010020012047039102312711010121111  610131
10101002001204703910352175101012051       9200000
10101002001204703910452115101011041       9299999
10101002001204703910551075101011029
20101002001204703911125021000665250005
301010020012047039120001219Maggie              1
101010010011049040101124321010120611  61013102020
10101001001104904010262225101012111       9201010
101010010011049040103613911220420311  610131
10101001001104904010462241101012111       9202020
10101001001104904010562145101012021       9200000
10101001001104904010662035101
101010010011049040107613552010121311  610131
20101001001104904011121031000455340007
301010010011049040120001220Bart                1
301010020011092041120001224Lisa                3
301010010011102042120001226Lisa                4
101010020011054043101115412010521111  827521
10101002001105404310222521201052111       9201010
10101002001105404310332125101011081       9200000
10101002001105404310451205101051131       92
10101002001105404310551235101011141       92
10101002001105404310661301301072002       92
20101002001105404311123022000522140006
301010020011054043120001219Lisa                1
301010010012060044120001218Lisa                4
101010010011073045101115212210121011  830021
101010010011073045102224012010120611  52003104040
101010010011073045103312151010120611  520041
101010010011073045104311551010120021  520041
20101001001107304511125012000662250004
301010010011073045120001219Bart                1
301010030011057046120001219Bart                3
301010030012108047120001224Lisa                4
301010010012111048120001224Maggie              3
301010020011128049120001226Lisa                3
10101002001118805010112405101012111       9201000
20101002001118805011123011000522250001
301010020011188050120001227Lisa                1
10101002001109605110112764201012061       9205050
10101002001109605110251145101011101       92
20101002001109605111123031000555250002
301010020011096051120001228Maggie              1
101010030011138052101113412010120511  610131
101010030011138052102223312010120411  61013102020
101010030011138052103321551010120511  61014100000
101010030011138052104311451010120411  610141
20101003001113805211134041000664250004
301010030011138052120001215Bart                1
101010020012032053101113112010120021  610131
101010020012032053102222511010120511  61013104040
10101002001203205310332085101012009
10101002001203205310432065101012009
10101002001203205310531045101
10101002001203205310631025101
20101002001203205311135031000665250006
301010020012032053120001222Lisa                1
20101002001205405411139  4        0000
301010020012054054120001227Lisa                1
101010020011011055101116312010120311  610131
101010020011011055102224612010120021  61013100000
20101002001101105511135041000665250002
301010020011011055120001219Lisa                1
101010010012048056101114912010120021  610131
101010010012048056102224312010120021  61013102011
101010010012048056103312711010120021  610131
101010010012048056104322611010120021  61013104041
10101001001204805610552075101011029
10101001001204805610651025101
10101001001204805610751045101
10101001001204805610851015101
10101001001204805610952005101
20101001001204805611135021000665250009
301010010012048056120001227Bart                1
301010030012129057120001216Lisa                4
101010030012019058101114411010121111  610131
101010030012019058102223311010120511  61013103021
10101003001201905810331055101019999
10101003001201905810432005101
20101003001201905812135011000455250004
301010030012019058120001227Lisa                1
101010020022120059101112411010120611  610131
101010020022120059102222312010121111  61013103020
10101002002212005910331035101
20101002002212005911135021000956270003
301010020022120059120001220Bart                1
101010020022030060101113012010120311  610131
101010020022030060102222711010120021  74203103031
10101002002203006010331055101019999
10101002002203006010432025101
10101002002203006010531005101
20101002002203006011135021000665250005
301010020022030060120001228Lisa                1
301010020022052061120001223Lisa                2
301010020022099062120001216Lisa                4
101010030022102063101113812010120511  610131
101010030022102063102223611010120611  61013109060
10101003002210206310331165101011111       92
101010030022102063104311411010120611  610131
101010030022102063105321511010120311  61013100000
10101003002210206310632135101011051       9200000
10101003002210206310732115101011051       9299999
10101003002210206310832045101
10101003002210206310931015101
10101003002210206311041814221012111       92
20101003002210206311135011000665250010
301010030022102063120001219Maggie              1
301010020021085064120001226Bart                4
20101002002102206511129  4        0000
301010020021022065120001223Maggie              1
101010020022042066101112211010120611  610131
101010020022042066102222111010120611  92014104031
10101002002204206610331035101
10101002002204206610432015101
10101002002204206610531005101
20101002002204206611135021000665250005
301010020022042066120001217Lisa                1
101010020022113067101114112010120511  610131
101010020022113067102224511010121011  61013108060
101010020022113067103322051010121311  61013101010
101010020022113067104311751010120611  610131
10101002002211306710532135101011101       9200000
10101002002211306710632075101011029
10101002002211306710751025101
20101002002211306712135011000665250007
301010020022113067120001215Bart                1
101010020021031068101113911710621111  017531
10101002002103106810222351171012111       9203031
10101002002103106810332105101011051       9299999
10101002002103106810431075101011049
10101002002103106810532005101
10101002002103106810651055171069999
20101002002103106812121023000421140006
301010020021031068120001219Lisa                1
301010010022076069120001229Bart                2
301010010021124070120001225Bart                3
101010020021032071101124311010120511  61013108080
101010020021032071102311651010120611  610031
101010020021032071103311451010110511  610031
10101002002103207110431095101011049
10101002002103207110531085101011049
10101002002103207110631251101012002       92
10101002002103207110731065101012019
101010020021032071108212511010121111  6100 1
10101002002103207110952055101019999
10101002002103207111051035101
10101002002103207111152015101
101010020021032071112321851010120611  61003101010
10101002002103207111351015101
20101002002103207111135061000665250013
301010020021032071120001229Bart                1
101010010021172072101113612010121211  836021
10101001002117207210222341101012131       9200000
20101001002117207211123021000222110002
301010010021172072120001224Lisa                1
101010020021017073101115712710121311  417521
10101002002101707310222471201012061       9205050
10101002002101707310332225101012111       9200000
10101002002101707310431195101011131       92
10101002002101707310532175101011091       9200000
10101002002101707310631105101011051       92
20101002002101707312121033000111140006
301010020021017073120001228Lisa                1
10101003002102507410112301201012061       9203030
10101003002102507410231105101012051       92
10101003002102507410331085101011039
10101003002102507410432045101
20101003002102507412123021000522250004
301010030021025074120001226Lisa                1
301010020021099075120001229Bart                3
101010020021125076101115312010121111  249121
101010020021125076102223611010121211  23802105030
10101002002112507610331175201011111       92
10101002002112507610432115101011061       9299999
10101002002112507610532085101011049
10101002002112507610631065101011029
20101002002112507611521043000522250006
301010020021125076120001226Lisa                1
101010020021142077101112011010121311  930021
10101002002114207710222201101012061       9201010
20101002002114207711325013000922240002
301010020021142077120001228Maggie              1
101010020021034078101123251010120611  52523104041
10101002002103407810232095101012009
10101002002103407810331085101012009
10101002002103407810431065101012009
101010020021034078105522351010120511  52524101010
10101002002103407810651025101
20101002002103407812135012000662250006
301010020021034078120001227Lisa                1
301010020021060079120001226Lisa                2
10101003002118608010111251101012111       92
10101003002118608010222221101012111       9203020
10101003002118608010332025101
10101003002118608010432015101
20101003002118608011121021000522240004
301010030021186080120001221Bart                1
10101002002106308110112604222012061       9211100
10101002002106308110231325122012061       92
10101002002106308110332255101012141       9200000
10101002002106308110432235101011131       9200000
10101002002106308110532215101011131       9200000
101010020021063081106323011010721511  32852100000
20101002002106308111123042000556340006
301010020021063081120001215Bart                1
20101001002205508211139  4        0000
301010010022055082120001225Maggie              1
101010010022015083101113711010120411  610131
101010010022015083102223711010120511  61013106060
101010010022015083103322251010120311  61013100000
101010010022015083104322051010120511  92014100000
101010010022015083105321851010120511  92014100000
101010010022015083106321651010120411  92014100000
10101001002201508310731115101012051       92
10101001002201508310831035101
20101001002201508311135011000666250008
301010010022015083120001220Maggie              1
101010010022138084101123742010120311  61013104030
10101001002213808410231085101012009
101010010022138084103311411010120021  610141
10101001002213808410431045101
10101001002213808410532035101
10101001002213808410631025101
10101001002213808410731025301
101010010022138084108523122010120021  61014103010
101010010022138084109522921010120411  61014106050
20101001002213808411135031000665250009
301010010022138084120001229Lisa                1
101010020022124085101115212010120511  610131
101010020022124085102223412010120411  61013102010
10101002002212408510331085101011039
20101002002212408511135031000666250003
301010020022124085120001215Bart                1
101010020022056086101114111010121111  610131
101010020022056086102222411010120311  61013104031
10101002002205608610331045101
10101002002205608610432025101
10101002002205608610531005101
20101002002205608611135021000522250005
301010020022056086120001218Bart                1
101010030021097087101113112010120611  610131
101010030021097087102223511010120311  61013108081
10101003002109708710331095101011029
10101003002109708710432075101012009
10101003002109708710532065101012009
10101003002109708710631055101019999
10101003002109708710732035101
10101003002109708710831005101
20101003002109708711135061000665250008
301010030021097087120001226Bart                1
101010030022059088101123721010120411  61013104040
101010030022059088102321851010120311  61013100000
10101003002205908810331055101019999
20101003002205908811155011000665250003
301010030022059088120001221Maggie              1
101010010022106089101116012010120511  610131
101010010022106089102226012010120511  61013100000
101010010022106089103311551010120411  920141
101010010022106089104321651010120311  92014100000
20101001002210608911135021000455250004
301010010022106089120001229Lisa                1
101010020021008090101113912010120611  610131
101010020021008090102222711010120511  61013108080
101010020021008090103312051010120511  610131
101010020021008090104321451010120411  61014100000
10101002002100809010531105101011041       92
10101002002100809010632065101011029
10101002002100809010731035101
10101002002100809010831015101
10101002002100809010931005101
10101002002100809011032225101012002       9204040
10101002002100809011152015101
20101002002100809011135021000666250011
301010020021008090120001222Maggie              1
101010030021053091101124911010220611  52003102020
101010030021053091102213011010221211  520031
10101003002105309110331165101011101       92
10101003002105309110452375101022131       9200000
10101003002105309110552115101012002       9299999
10101003002105309110651095101021049
10101003002105309110752592301072002       9202020
10101003002105309110852342301072002       9208080
10101003002105309110952205301072002       9200000
10101003002105309111052205301072002       9200000
20101003002105309112121032000522140010
301010030021053091120001229Lisa                1
10101001002102309210111801201012031       92
10101001002102309210222661201012002       9204040
10101001002102309210332165101011121       9200000
20101001002102309211123041000222150003
301010010021023092120001218Lisa                1
101010010021031093101114111010121011  341521
10101001002103109310222351101022131       9202020
10101001002103109310331175101011111       92
20101001002103109311123022000421140003
301010010021031093120001218Lisa                1
101010030022043094101113011010121011  610131
101010030022043094102222811010120611  92014103030
10101003002204309410332035101
10101003002204309410431015101
20101003002204309411135021000666250004
301010030022043094120001226Lisa                1
101010030022077095101114511010120611  610131
10101003002207709510222451101012041       9207070
10101003002207709510332195101012051       9200000
10101003002207709510431095101011029
101010030022077095105512721010121211  610131
10101003002207709510632015101
20101003002207709511135011000665250006
301010030022077095120001226Lisa                1
101010010021125096101114612010321311  347521
101010010021125096102224612010321111  51852107070
10101001002112509610332185101011131       9200000
10101001002112509610431155101011101       92
10101001002112509610531145101011101       92
10101001002112509610631115101011041       92
101010010021125096107621651010120811  91952100000
20101001002112509611123031000111140007
301010010021125096120001226Bart                1
101010010021033097101113811010121311  610131
101010010021033097102223411010121211  61003104040
10101001002103309710331125101011051       92
10101001002103309710431095101011049
10101001002103309710532025101
20101001002103309711135061000665250005
301010010021033097120001222Bart                1
301010010021173098120001215Bart                3
101010010021017099101114411010221311  217521
101010010021017099102224311010221211  2380 103030
10101001002101709910331165171021111       92
10101001002101709910431145171022111       92
10101001002101709910531085101021059
10101001002101709910651155101011061       92
20101001002101709912121033000111140006
301010010021017099120001215Lisa                1
101010030021026100101112211010121011  240031
10101003002102610010222251101012131       9201010
10101003002102610010332045101
20101003002102610011121022000522140003
301010030021026100120001217Maggie              1
10101001002112610110112755201012041       9200000
10101001002112610110252185201032111       9200000
10101001002112610110352155201021101       9200000
10101001002112610110452125201021081       9200000
10101001002112610110552115201011061       9299999
10101001002112610110651085201011049
20101001002112610111125023000521350006
301010010021126101120001226Lisa                1
101010030021142102101113011010120611  520031
101010030021142102102222611010120021  52003108071
101010030021142102103321651010120021  52004100000
101010030021142102104311451010120021  520041
10101003002114210210531085101011049
10101003002114210210632065101011039
10101003002114210210731045101
10101003002114210210831025101
10101003002114210210931005101
101010030021142102110426022010120021  74003114110
20101003002114210212325013000662240010
301010030021142102120001217Lisa                1
301010020021061103120001217Lisa                2
101010010021186104101125852010120411  61013100000
10101001002118610410251135201011091       92
20101001002118610412123021000522340002
301010010021186104120001228Lisa                1
10101001002106410510111691201012111       92
10101001002106410510222591201012061       9204030
10101001002106410510331255101011141       92
20101001002106410511323023000422340003
301010010021064105120001221Bart                1
101010010022016106101116512010120021  610131
101010010022016106102225712010120021  61013112010
10101001002201610610332155101012031       9200000
10101001002201610610451085101012009
20101001002201610611135021000666250004
301010010022016106120001216Lisa                1
301010030022115107120001219Bart                3
101010030022057108101125942010120221  61013112110
101010030022057108102322151010120021  61013100000
10101003002205710810351025101
101010030022057108104312011010120611  610141
101010030022057108105521711010120021  61014100000
20101003002205710811133041000522250005
301010030022057108120001215Lisa                1
101010030022045109101113111010120021  610131
101010030022045109102223011010120311  61013104040
101010030022045109103321351010120021  61013100000
10101003002204510910431075101011029
10101003002204510910531055101019999
10101003002204510910631025101
20101003002204510911125061000666250006
301010030022045109120001217Lisa                1
101010030021098110101112712010120411  610131
101010030021098110102222511010120411  61013104030
10101003002109811010331065101012009
10101003002109811010431045101
10101003002109811010531025101
101010030021098110106511652010120411  610131
20101003002109811011135041000665250006
301010030021098110120001224Bart                1
101010010022139111101115512010120021  610131
101010010022139111102224012010120511  61013106060
101010010022139111103311851010120511  610131
10101001002213911110432105101012002       9299999
10101001002213911110531085101012009
10101001002213911110632015101
101010010022139111107312611010120511  610131
101010010022139111108322211010120021  61013103020
10101001002213911110952015101
20101001002213911111135011000665250009
301010010022139111120001225Bart                1
101010010021020112101112751010121311  932921
10101001002102011210242534201012111       9213130
101010010021020112103322451010121311  61013100000
101010010021020112104312251010121211  610131
101010010021020112105312051010121111  610131
10101001002102011210632175101011111       9200000
10101001002102011210732145101011101       9200000
20101001002102011211125031000222250007
301010010021020112120001229Lisa                1
301010030021086113120001218Maggie              3
101010010022111114101125722010120511  61013111080
101010010022111114102312051010120021  610131
10101001002211111410331135101011031       92
20101001002211111412135011000665250003
301010010022111114120001216Lisa                6
101010020021012115101113511010120021  610131
101010020021012115102223111010120021  61013100000
101010020021012115103322051010120511  61013102020
10101002002101211510432085101012009
10101002002101211510552005101
101010020021012115106524751010120021  61013100000
20101002002101211511135041000666250006
301010020021012115120001227Maggie              1
301010030021056116120001215Lisa                5
301010030022073117120001219Bart                4
20101002002100711811129  4        0000
301010020021007118120001228Bart                6
101010010021042119101126022010120311  61013116090
101010010021042119102322051010120511  61014100000
10101001002104211910351045201
10101001002104211910452025201
20101001002104211911134061000664250004
301010010021042119120001221Bart                1
301010010021053120120001228Lisa                4
101010030022109121101121651010120021  74203100000
20101003002210912111135011000665250001
301010030022109121120001222Bart                1
101010020021023122101116812010120611  714531
101010020021023122102224011010120511  74203100000
10101002002102312210332105101011061       9299999
20101002002102312211123041000422240003
301010020021023122120001220Bart                1
101010020022047123101113111010121311  610131
101010020022047123102223111010121111  61013103031
10101002002204712310331025101
10101002002204712310432005101
20101002002204712312125021000665250004
301010020022047123120001219Lisa                1
301010020031050124120001228Lisa                5
20101001003109212511129  4        0000
301010010031092125120001222Bart                1
101010030031103126101123612010120111  61013107050
10101003003110312610231035101
10101003003110312610332015101
20101003003110312611135021000956670003
301010030031103126120001222Lisa                1
10101001003105412710111421101011171       92
101010010031054127102222712010221311  51002102020
10101001003105412710332165101011111       9200000
10101001003105412710431145101011101       92
10101001003105412710532115101011061       9299999
10101001003105412710632105101011061       9299999
10101001003105412710732085101011049
10101001003105412710832075101011039
10101001003105412710931035101
10101001003105412711031025101
10101001003105412711152255201011131       9200000
101010010031054127112512152010121311  918021
10101001003105412711352185101012111       9200000
101010010031054127114622052010120611  91002100000
20101001003105412712123012000522110014
301010010031054127120001218Lisa                1
101010020032060128101115412010120611  610131
101010020032060128102224612010120811  61014104040
10101002003206012810332175101011111       9200000
10101002003206012810431065101011039
101010020032060128105512112010120611  610131
101010020032060128106521911010120911  92014101011
10101002003206012810751005101
20101002003206012812135061000455260007
301010020032060128120001218Maggie              1
101010010031073129101113312010121311  525221
10101001003107312910222321101012061       9201010
20101001003107312912125012000522240002
301010010031073129120001222Maggie              1
101010010031033130101125042010120611  91852108080
10101001003103313010232165121012061       9200000
10101001003103313010332135101011061       9200000
10101001003103313010452055101019999
10101001003103313010532245301072002       9200000
20101001003103313012121022000522140005
301010010031033130120001228Bart                1
101010030031115131101113412010121111  910021
101010030031115131102223311010120311  74203103030
10101003003111513110331025101
20101003003111513111164012000522240003
301010030031115131120001225Lisa                1
301010010031128132120001218Bart                5
101010030031096133101113711010121211  610131
101010030031096133102223012010121211  93292102020
10101003003109613310331115101011061       92
10101003003109613310431095101011059
20101003003109613312121011000555240004
301010030031096133120001227Maggie              6
101010030031139134101115812010120611  610131
101010030031139134102225812010120511  74203110100
101010030031139134103323641010120511  74204106060
101010030031139134104511851010120411  610141
101010030031139134105521551010120511  74204100000
10101003003113913410651095101011039
101010030031139134107322751010120411  74204102020
10101003003113913410852155101011022       9200000
10101003003113913410951035101
101010030031139134110312651010120221  610141
101010030031139134111312051010120221  610141
10101003003113913411231055101019999
10101003003113913411332045101
20101003003113913411134041000665250013
301010030031139134120001224Lisa                1
101010010032055135101113651010121711  017521
20101001003205513511135012000455240001
301010010032055135120001219Bart                1
101010020032049136101113321010120021  610131
101010020032049136102511551010120021  610131
101010020032049136103522511010120021  61013104040
101010020032049136104521611010120021  61013100000
10101002003204913610551095101012009
20101002003204913611135021000665250005
301010020032049136120001227Maggie              1
10101003003213013710111611201012131       92
10101003003213013710222571221012101       9210100
10101003003213013710332125101011091       9200000
101010030032130137104313221010121211  920141
10101003003213013710551055101019999
10101003003213013710652035101
10101003003213013710752015101
10101003003213013710851025101
101010030032130137109312411010121111  610131
10101003003213013711032251101012011       9202021
10101003003213013711152005101
10101003003213013711251005101
20101003003213013711131041000455250012
301010030032130137120001217Maggie              1
301010010032020138120001216Lisa                3
101010010032121139101112811010120611  610131
101010010032121139102222611010120611  92014105050
10101001003212113910331085101012009
10101001003212113910432045101
10101001003212113910532015101
20101001003212113911135041000666250005
301010010032121139120001220Bart                1
101010030032031140101113612010120611  610131
101010030032031140102223211010120411  7420 105050
101010030032031140103321451010120411  7420 100000
101010030032031140104311151010120411  920141
10101003003203114010532095101012009
10101003003203114010631065101012009
10101003003203114010732035101
20101003003203114011135011000665250007
301010030032031140120001217Maggie              1
101010020032053141101114011010120511  610131
101010020032053141102223712010120111  74173110080
101010020032053141103311951010121111  610141
10101002003205314110431165101011101       92
10101002003205314110532125101011081       9200000
10101002003205314110632105101011051       9299999
10101002003205314110731075101011069
10101002003205314110831075101011069
10101002003205314110931055101019999
10101002003205314111032035101
10101002003205314111131015101
10101002003205314111242674201012002       9206060
101010020032053141113524751010120811  61013100000
20101002003205314111135021000422250013
301010020032053141120001226Bart                1
101010010032100142101113411010120611  610131
101010010032100142102224212010120611  61013103020
101010010032100142103311351010120611  610131
10101001003210014210432105101012002       9299999
20101001003210014211135011000665250004
301010010032100142120001226Lisa                1
101010020031085143101115212010120411  610131
101010020031085143102226511010120021  61013103000
101010020031085143103321452010120411  61013100000
20101002003108514312135021000665240003
301010020031085143120001229Lisa                1
101010010031024144101115112210121211  347521
101010010031024144102224512010121211  41752106060
101010010031024144103312051010111311  417521
10101001003102414410431195101011131       92
10101001003102414410532185101011131       9200000
10101001003102414410631175101011121       92
10101001003102414410732145101011111       9200000
10101001003102414410831135101011091       92
20101001003102414411123041000222150008
301010010031024144120001223Bart                1
101010030032036145101126742010120021  61013110070
101010030032036145102313851010120611  610131
101010030032036145103323651010120411  74203107050
101010030032036145104313251010120511  610131
101010030032036145105313151010120511  610131
101010030032036145106512251010120021  610131
101010030032036145107511951010120021  610131
101010030032036145108521551010120311  74203100000
101010030032036145109511451010120311  742041
10101003003203614511052055101019999
20101003003203614511133011000665250010
301010030032036145120001220Maggie              1
101010010032052146101116111010120511  610131
101010010032052146102226311010120911  61014102020
10101001003205214610331165101011121       92
10101001003205214610431145101011111       92
20101001003205214611123031000455250004
301010010032052146120001227Bart                1
10101003003108414710111501222012131       92
10101003003108414710222491201012131       9200000
10101003003108414710352255101011131       9200000
10101003003108414710452225101011141       9200000
10101003003108414710551215101011131       92
20101003003108414711121022000422340005
301010030031084147120001227Lisa                1
101010020031100148101112412010120611  2400 1
101010020031100148102222111010120611  2400 102021
10101002003110014810331035101
10101002003110014810431005101
10101002003110014810551145101011091       92
10101002003110014810662115101012051       9299999
20101002003110014811121021000522240006
301010020031100148120001228Lisa                1
301010010032046149120001223Maggie              4
101010010031054150101114912010121011  517521
10101001003105415010222481101012111       9203010
10101001003105415010332165101011101       9200000
20101001003105415011121021000434140003
301010010031054150120001221Maggie              1
101010030031083151101113712010120411  611031
101010030031083151102223112010120311  61013105041
10101003003108315110332085101012009
10101003003108315110432055101019999
10101003003108315110532035101
10101003003108315110631005101
101010030031083151107312011010120411  920141
101010030031083151108521511010120611  92013101010
10101003003108315110951005101
20101003003108315111135021000665250009
301010030031083151120001226Bart                1
101010020032107152101116012010120411  610131
101010020032107152102225812010120021  61013106040
20101002003210715211135011000665250002
301010020032107152120001223Lisa                1
101010020031128153101114211010221311  017541
10101002003112815310222281121022131       9200000
101010020031128153103612151010120911  919521
10101002003112815310452155321072002       9200000
10101002003112815310551145321072002       92
20101002003112815312121022000534140005
301010020031128153120001227Lisa                1
10101002003100615410112382101022101       9205020
10101002003100615410232165101011101       9200000
10101002003100615410331135101011081       92
10101002003100615410451295101011141       92
20101002003100615411123023000522240004
301010020031006154120001229Maggie              1
101010030031043155101126042010120411  61013100000
101010030031043155102517212010120411  610131
101010030031043155103524112010120311  61014107070
101010030031043155104511851010120511  610141
101010030031043155105511651010120411  610141
101010030031043155106521251010120311  61014100000
10101003003104315510752095101012009
10101003003104315510852045101
101010030031043155109512252010120511  610141
20101003003104315511124031000664250009
301010030031043155120001219Maggie              1
101010020031046156101113812010120211  610131
101010020031046156102222811010120311  61013104030
101010020031046156103311051010120411  610141
10101002003104615610431065101012009
10101002003104615610531025101
20101002003104615611134021000664250005
301010020031046156120001217Lisa                1
101010010031054157101123341010120611  74203102010
10101001003105415710232065101011029
20101001003105415712125011000665250002
301010010031054157120001222Bart                1
301010020031017158120001226Maggie              4
101010010031045159101113311010121311  017521
10101001003104515910222271101012111       9203031
10101001003104515910331035101
10101001003104515910432005101
20101001003104515911121023000662240004
301010010031045159120001228Lisa                1
101010030032046160101123742010120311  61203107050
10101003003204616010232215101012051       9200000
10101003003204616010332105101011041       9299999
10101003003204616010432075101011029
20101003003204616011135021000665250004
301010030032046160120001222Lisa                1
101010020031093161101113211010220911  822031
10101002003109316110222211101012111       9201010
10101002003109316110332025101
20101002003109316112121023000521140003
301010020031093161120001216Maggie              1
101010020031155162101122551010221411  52003100000
101010020031155162102512851010121311  520041
101010020031155162103512951010120811  520041
101010020031155162104522711010121311  52004102021
101010020031155162105512152010120811  520041
10101002003115516210651205101012111       92
10101002003115516210752205101012061       9200000
101010020031155162108521651010120411  91004100000
101010020031155162109521451010120021  91004100000
20101002003115516211321021000521140009
301010020031155162120001215Maggie              1
301010010031009163120001224Bart                3
101010020031053164101114312010121211  740031
101010020031053164102223712010120911  52003103030
10101002003105316410331155101011111       92
10101002003105316410431145101011061       92
10101002003105316410532095101011069
10101002003105316410651392301072002       92
20101002003105316412123021000522140006
301010020031053164120001220Lisa                1
101010020032057165101114511010120411  610131
101010020032057165102223911010120411  92014111111
101010020032057165103312051010120511  920141
101010020032057165104312051010120411  920141
101010020032057165105311851010120511  920141
10101002003205716510631165101011061       92
10101002003205716510732145101011081       9200000
10101002003205716510832115101011051       9299999
10101002003205716510931105101011041       92
10101002003205716511031055101019999
10101002003205716511131035101
10101002003205716511232005101
20101002003205716511125041000455260012
301010020032057165120001216Bart                1
101010010032058166101114512010121211  610131
101010010032058166102223712010120211  92014105040
101010010032058166103322151010121011  92014100000
101010010032058166104311951010120511  920141
10101001003205816610531085101011049
10101001003205816610632065101012009
101010010032058166107521751010120811  92014100000
101010010032058166108521752010120811  92014100000
101010010032058166109511851010120021  920141
101010010032058166110511551010120511  920141
20101001003205816611135031000955260010
301010010032058166120001219Lisa                1
101010030031035167101113912010120911  511521
101010030031035167102223211010120911  51912105050
10101003003103516710332155101011081       9200000
10101003003103516710431105101011051       92
10101003003103516710532075101011039
10101003003103516710631055101019999
10101003003103516710732035101
101010030031035167108525322010120611  51912104030
20101003003103516711135041000522250008
301010030031035167120001217Lisa                1
101010020031187168101124141010121111  32852107070
10101002003118716810231215101012111       92
10101002003118716810332185101011111       9200000
10101002003118716810432155101011111       9200000
10101002003118716810531145101011101       92
10101002003118716810632105101011051       9299999
10101002003118716810732065101011049
20101002003118716812123041000522240007
301010020031187168120001228Lisa                1
101010020032110169101113412010120311  610131
101010020032110169102223311010120021  74203103020
10101002003211016910331015101
20101002003211016911135021000665250003
301010020032110169120001228Lisa                1
20101001003112817011129  4        0000
301010010031128170120001221Bart                1
101010030031135171101113311010121311  238021
101010030031135171102223212010120811  61013104040
10101003003113517110331095101011039
10101003003113517110431065101011029
10101003003113517110531045101
10101003003113517110631015101
20101003003113517112123022000664250006
301010030031135171120001228Lisa                1
101010020031136172101124722010120411  74203113100
101010020031136172102321851010120411  74203100000
101010020031136172103311451010120411  610131
10101002003113617210432105101011031       9299999
10101002003113617210532085101011029
10101002003113617210631055101019999
20101002003113617211134021000664250006
301010020031136172120001221Bart                1
101010010032028173101112511010120811  610131
101010010032028173102222311010120611  61013103031
10101001003202817310331035101
10101001003202817310432025101
10101001003202817310531005101
20101001003202817311135021000555250005
301010010032028173120001228Lisa                1
101010020032029174101112311010121211  610131
101010020032029174102221611010120021  61013100000
20101002003202917412135011000665250002
301010020032029174120001218Lisa                1
101010020032030175101123741010120311  61013103020
101010020032030175102311351010120311  610131
10101002003203017510331075101011029
20101002003203017511135021000665250003
301010020032030175120001224Bart                1
101010020032055176101113911010220811  017521
101010020032055176102224012010220611  74182107061
10101002003205517610332195101022061       9200000
10101002003205517610431155101021011       92
10101002003205517610531125101021051       92
10101002003205517610632055101029999
10101002003205517610731035101
10101002003205517610831005101
20101002003205517612135022000455250008
301010020032055176120001215Lisa                1
101010010032133177101112111010120111  610131
101010010032133177102222212010120511  92014102021
10101001003213317710332005101
20101001003213317711135011000666250003
301010010032133177120001227Bart                1
20101003003202217811125  4        0000
301010030032022178120001223Maggie              1
301010020032032179120001227Lisa                2
101010030032028180101124512010120411  74203106060
101010030032028180102217112010120411  610131
101010030032028180103321651010120311  74203100000
101010030032028180104311251010120311  920141
10101003003202818010531085101012009
10101003003202818010631065101012009
101010030032028180107514012010120021  610131
101010030032028180108523511010120021  74203100000
20101003003202818011135021000665250008
301010030032028180120001227Maggie              1
101010010032101181101125122010120021  61013101010
10101001003210118110252065101012009
20101001003210118111135011000665250002
301010010032101181120001228Bart                6
101010030032103182101124422010120611  61013101010
101010030032103182102312251010120511  610131
20101003003210318211135011000665250002
301010030032103182120001219Bart                1
101010030032046183101122521010120021  61013103031
10101003003204618310232035101
10101003003204618310331015101
10101003003204618310431005101
101010030032046183105521821010120021  61013100000
20101003003204618312126064000956670005
301010030032046183120001222Maggie              1
101010020032140184101114011010120411  610131
101010020032140184102223911010120021  61013103030
10101002003214018410351055101019999
20101002003214018411135011000665250003
301010020032140184120001221Lisa                1
20101002003103118511129  4        0000
301010020031031185120001216Lisa                1
101010010032044186101116012010120311  610131
101010010032044186102225212010120411  61013106060
101010010032044186103322611010121011  61014104041
10101001003204418610451055101019999
10101001003204418610552085101011039
10101001003204418610651075101011029
10101001003204418610751035101
10101001003204418610851005101
20101001003204418611135041000665250008
301010010032044186120001227Bart                1
101010010032078187101113811010120311  610131
10101001003207818710222331201012042       9202020
10101001003207818710332125101011021       9200000
10101001003207818710431065101011029
10101001003207818710541735201012041       92
20101001003207818711135021000665250005
301010010032078187120001223Bart                1
301010020041127188120001225Maggie              4
101010030041005189101114711010120111  525231
10101003004100518910222331101012101       9208080
10101003004100518910331065101011019
10101003004100518910432085101011039
10101003004100518910531125101011061       92
10101003004100518910631115101011051       92
10101003004100518910732095101011049
10101003004100518910831075101011039
10101003004100518910931035101
10101003004100518911031015101
10101003004100518911132105301072002       9299999
20101003004100518911125022000522240011
301010030041005189120001217Lisa                1
101010030041034190101115712010120021  610131
101010030041034190102225512010120021  74003105050
101010030041034190103312251010120311  610031
101010030041034190104322051010120221  61003102020
101010030041034190105311251010120021  740031
101010030041034190106321551010120311  61003100000
10101003004103419010751025101
10101003004103419010852075201012009
20101003004103419011133061000665250008
301010030041034190120001229Bart                1
10101003004102619110111722201012061       92
101010030041026191102312151010120811  242031
20101003004102619112123021000522150002
301010030041026191120001229Lisa                1
101010020041126192101115611010421111  328521
10101002004112619210222471101042081       9209080
10101002004112619210332275101042131       9200000
10101002004112619210431265122042131       92
10101002004112619210532235122042131       9200000
10101002004112619210631205122042041       92
10101002004112619210731195122041131       92
10101002004112619210831145101011091       92
20101002004112619212125022000521250008
301010020041126192120001229Bart                1
101010010041143193101113611010121111  520031
101010010041143193102223111010120311  52003106020
10101001004114319310331115101011061       92
10101001004114319310432075101011039
10101001004114319310531485101012021       92
101010010041143193106523551010120211  52004100000
101010010041143193107512052010121011  710021
101010010041143193108511052010120611  740041
101010010041143193109511652010220021  910031
20101001004114319311323031000662140009
301010010041143193120001223Bart                1
101010020041174194101113311010121311  836031
10101002004117419410222231101012111       9202020
10101002004117419410332055101019999
10101002004117419410431035101
10101002004117419410551205101011091       92
101010020041174194106611751010120611  836041
20101002004117419411121031000434150006
301010020041174194120001226Lisa                1
101010020041187195101125742010221111  61013104030
10101002004118719510251135101011061       92
10101002004118719510351115101011051       92
10101002004118719510451115201011051       92
20101002004118719511123011000522250004
301010020041187195120001221Lisa                1
301010010041065196120001229Maggie              4
101010020042017197101113911010120411  610131
101010020042017197102223711010120611  61013100000
20101002004201719711135011000666250002
301010020042017197120001225Lisa                1
301010030042116198120001228Maggie              3
101010020042046199101115012010120021  610131
101010020042046199102224511010120411  61013111081
101010020042046199103321651010120021  61013106062
101010020042046199104321351010120021  61013100000
10101002004204619910531095101011029
10101002004204619910631085101011029
101010020042046199107311351010120021  610131
20101002004204619911126064000956670007
301010020042046199120001217Lisa                1
101010020041099200101112212010120111  610131
101010020041099200102221912010120311  61013102021
10101002004109920010331015101
10101002004109920010432005101
20101002004109920011135041000665250004
301010020041099200120001225Bart                1
101010030042035201101122921010120211  74203104040
10101003004203520110231105101011051       92
10101003004203520110332085101011049
10101003004203520110432065101012009
10101003004203520110532035101
20101003004203520111121012000665250005
301010030042035201120001221Lisa                1
101010020042051202101113011010121111  610131
101010020042051202102222811010120911  61014101010
10101002004205120210331015101
20101002004205120211135021000665250003
301010020042051202120001223Lisa                1
101010030041083203101114311210321311  426421
10101003004108320310222411101032101       9206060
10101003004108320310332145121031101       9200000
10101003004108320310432125101031091       9200000
10101003004108320310531105101031061       92
10101003004108320310631075101031049
10101003004108320310732035101
10101003004108320310832015101
20101003004108320311125022000422240008
301010030041083203120001220Lisa                1
101010020041044204101114012010121311  017521
10101002004104420410222301101012081       9203010
10101002004104420410332065121011039
101010020041044204104612512010120221  919541
101010020041044204105622412010120021  91954102000
20101002004104420412121023000422350005
301010020041044204120001229Bart                1
101010030041146205101123711210120411  74003107070
10101003004114620510231195101012061       92
10101003004114620510332155101012061       9200000
10101003004114620510431105101011041       92
10101003004114620510531085101011029
101010030041146205106523241210221111  52003104041
10101003004114620510751115101021051       92
10101003004114620510851105101021031       92
10101003004114620510952085101021029
10101003004114620511052015101
10101003004114620511121761301072002       92
20101003004114620511323011000922140011
301010030041146205120001222Lisa                1
101010020041007206101112511010120021  610131
101010020041007206102221312010120311  61013100000
20101002004100720612135011000666250002
301010020041007206120001221Bart                1
101010020042105207101115912010120411  610131
101010020042105207102223511010120311  61013109020
10101002004210520710332135101012002       9200000
10101002004210520710432125101012002       9200000
10101002004210520710532085101012009
10101002004210520710632075101012009
10101002004210520710731035101
20101002004210520711135021000665250007
301010020042105207120001223Lisa                1
101010010041021208101123412010121211  23802104040
10101001004102120810221401201012151       92
10101001004102120810332115101011061       9299999
10101001004102120810432085101011049
10101001004102120810531065101011039
10101001004102120810631045101
20101001004102120812123022000522140006
301010010041021208120001227Lisa                1
301010020042041209120001220Lisa                4
101010020042113210101114812010120511  610131
101010020042113210102224412010120611  61013111090
10101002004211321010331105101011041       92
10101002004211321010431065101012009
10101002004211321010532045101
10101002004211321010632035101
20101002004211321011135011000665250006
301010020042113210120001228Lisa                1
20101002004103121111129  4        0000
301010020041031211120001219Bart                1
101010010041057212101112911010121111  934521
10101001004105721210222261101012081       9201010
10101001004105721210331045101
20101001004105721211121013000434140003
301010010041057212120001215Lisa                1
101010010042075213101114311010120311  610131
10101001004207521310222311201012021       9206060
10101001004207521310332155101012041       9200000
10101001004207521310432135101012031       9200000
10101001004207521310531115101012002       92
10101001004207521310632115101012002       9299999
10101001004207521310732055101019999
10101001004207521310832035101
20101001004207521311135021000665250008
301010010042075213120001228Bart                1
301010030041031214120001224Bart                4
10101003004117121510112294201012131       9200000
20101003004117121511125021000662250001
301010030041171215120001228Maggie              1
20101002004101721611129  4        0000
301010020041017216120001229Bart                1
101010010041025217101114011010121311  240031
10101001004102521710222351201012141       9202020
10101001004102521710331085101011059
10101001004102521710432055101019999
20101001004102521711121021000522140004
301010010041025217120001223Bart                1
20101002004204921811129  4        0000
301010020042049218120001217Bart                1
101010010041093219101113211010220611  822031
10101001004109321910222211101012111       9202021
10101001004109321910331025101
10101001004109321910432005101
20101001004109321912121023000521140004
301010010041093219120001218Maggie              1
101010020041124220101115411010121111  238021
101010020041124220102224712210121011  32002106050
101010020041124220103312051010121311  610131
101010020041124220104311751010121211  610131
10101002004112422010531145101011111       92
10101002004112422010642794201012051       9202010
20101002004112422012521033000556250006
301010020041124220120001218Bart                1
101010010041075221101112512010120611  930031
10101001004107522110222321101012061       9205050
10101001004107522110332125101011081       9200000
10101001004107522110431095101012049
10101001004107522110532065101012009
10101001004107522110631035101
10101001004107522110731015101
20101001004107522111125012000662240007
301010010041075221120001224Bart                1
101010030041034222101112411010120611  930021
10101003004103422210222211201012051       9201010
10101003004103422210332035101
20101003004103422212135012000662240003
301010030041034222120001216Maggie              1
20101003004105922311129  4        0000
301010030041059223120001227Bart                1
101010030041062224101113312010120611  710021
10101003004106222410222301101012111       9204030
10101003004106222410332105101011031       9299999
10101003004106222410432085101011039
20101003004106222411123063000422250004
301010030041062224120001223Maggie              1
101010030041129225101122251010220911  51552100000
20101003004112922511123012000522240001
301010030041129225120001225Maggie              6
10101002004109822610112624201012021       9208080
20101002004109822611123011000455350001
301010020041098226120001215Maggie              1
101010030042055227101113912010121011  017521
10101003004205522710222351201012081       9208050
10101003004205522710331185101011131       92
10101003004205522710431145101011091       92
10101003004205522710532105101011041       9299999
10101003004205522710632045101
10101003004205522710731015101
20101003004205522712135012000455250007
301010030042055227120001219Bart                1
101010010042132228101114912010120021  610131
101010010042132228102224812010120021  61013109080
10101001004213222810332192101012041       9202021
10101001004213222810431135101012081       92
10101001004213222810551045101
10101001004213222810651005101
20101001004213222811135021000665250006
301010010042132228120001222Bart                1
101010010042014229101111911010120511  610131
101010010042014229102221711010120411  61013100000
20101001004201422911135011000666250002
301010010042014229120001224Bart                1
101010020042137230101114311010120611  610131
101010020042137230102223312010120411  61013106050
101010020042137230103321351010120311  61013100000
10101002004213723010431095101011039
10101002004213723010531085101011029
10101002004213723010632055101019999
10101002004213723010732035101
20101002004213723011135031000665250007
301010020042137230120001216Lisa                1
101010030042123231101114111010120411  610131
101010030042123231102222811010120511  61013100000
10101003004212323110332135101012051       9200000
20101003004212323111135011000665250003
301010030042123231120001222Lisa                1
101010020042055232101123012010221311  74183103030
10101002004205523210232015101
20101002004205523211133021000522250002
301010020042055232120001221Lisa                1
101010030041096233101113911010120511  610131
101010030041096233102223511010120411  61013110080
101010030041096233103321651010120411  61014101011
101010030041096233104311451010120411  610141
101010030041096233105311251010120321  610141
101010030041096233106321051010120321  61014199999
10101003004109623310732085101012009
10101003004109623310831065101012009
10101003004109623310931045101
10101003004109623311031015101
10101003004109623311152005101
20101003004109623311135011000666250011
301010030041096233120001219Lisa                1
101010020041031234101114912210421311  017521
10101002004103123410222391221042081       9209090
10101002004103123410331215101041131       92
10101002004103123410431195121041121       92
10101002004103123410531175101041111       92
10101002004103123410631165101041101       92
10101002004103123410731145122041101       92
10101002004103123410832125122041061       9200000
10101002004103123410932105122041061       9299999
10101002004103123411031025101
10101002004103123411132235121041131       9201010
10101002004103123411252065121041039
20101002004103123412121033000421140012
301010020041031234120001226Lisa                1
301010030042050235120001217Bart                4
101010010042058236101122711010120411  74203104040
101010010042058236102213611010120211  610131
10101001004205823610331105101011051       92
10101001004205823610431085101011039
10101001004205823610531055101019999
10101001004205823610631035101
20101001004205823611125011000665250006
301010010042058236120001217Bart                1
101010020041082237101113811010120311  610131
101010020041082237102223012010120221  61013110091
101010020041082237103311451010120411  920141
10101002004108223710432115101011031       9299999
10101002004108223710531095101011039
10101002004108223710631085101011029
10101002004108223710731065101012009
10101002004108223710831045101
10101002004108223710932015101
10101002004108223711032005101
20101002004108223711135041000665250010
301010020041082237120001218Lisa                1
101010020042104238101112412010120111  610131
101010020042104238102222211010120611  61013102021
101010020042104238103311951010120111  920141
10101002004210423810431005101
20101002004210423811135021000665250004
301010020042104238120001218Lisa                1
101010010041036239101118611010120411  920131
101010010041036239102314512010120311  920131
101010010041036239103223812010120311  74003108080
101010010041036239104515352010120021  610031
20101001004103623911135011000665250004
301010010041036239120001218Bart                1
10101003004104424010112311101022091       9207040
101010030041044240102213511010220111  017521
10101003004104424010331115101021041       92
10101003004104424010431085101021039
10101003004104424010532045101
10101003004104424010631025101
20101003004104424012121023000555350006
301010030041044240120001219Lisa                1
101010030041145241101115111400221311  520031
10101003004114524110222461201022131       9203030
10101003004114524110351125301072002       92
20101003004114524111221011000921140003
301010030041145241120001221Bart                1
101010020041175242101114611010121311  236021
10101002004117524210222361101012121       9200000
20101002004117524211135041000222250002
301010020041175242120001223Maggie              1
101010030041099243101126942010120111  52523104020
101010030041099243102512011010121111  610131
101010030041099243103521651010120911  61013100000
20101003004109924311125051000544250003
301010030041099243120001222Maggie              1
20101001004203724411139  4        0000
301010010042037244120001225Bart                1
101010020042053245101114112010120111  610131
101010020042053245102223612010121111  6101 102020
10101002004205324510332055101019999
10101002004205324510432045101
20101002004205324511135021000665250004
301010020042053245120001224Lisa                1
101010030041085246101116212010120611  340031
10101003004108524610222421101012061       9200000
101010030041085246103312551010120611  610031
10101003004108524610432215101012111       9200000
10101003004108524610552045101
10101003004108524610651045101
10101003004108524610751035101
10101003004108524610852005101
20101003004108524611135022000522240008
301010030041085246120001219Lisa                1
101010030041055247101113611210120611  342031
101010030041055247102223312010120611  52183106060
10101003004105524710332185101011111       9200000
10101003004105524710432115101011051       9299999
10101003004105524710532095101011049
10101003004105524710631085101011039
10101003004105524710731065101012009
10101003004105524710832015101
20101003004105524711121022000434250008
301010030041055247120001228Maggie              1
101010010041084248101123121010120311  61014102020
101010010041084248102521351010120411  92014100000
20101001004108424811135011000665250002
301010010041084248120001228Maggie              1
101010010042108249101116842010120211  610131
101010010042108249102511751010120021  610131
20101001004210824911135011000665250002
301010010042108249120001228Lisa                1
10101002004112925010112431201022131       9207050
10101002004112925010231165140021111       92
10101002004112925010332155101021091       9200000
20101002004112925011121042000421140003
301010020041129250120001218Maggie              1
101010020041006251101112551010121011  516021
10101002004100625110252201101012081       9201011
101010020041006251103512111010120911  525231
10101002004100625110451005101
20101002004100625112123061000522240004
301010020041006251120001217Maggie              6
101010010041044252101124321010120511  61013112100
101010010041044252102321751010120611  61013100000
101010010041044252103311651010120511  610131
101010010041044252104311451010120511  610131
101010010041044252105311251010120411  610041
10101001004104425210631105101011031       92
10101001004104425210731075101012009
10101001004104425210831055101019999
10101001004104425210932035101
20101001004104425211134021000664250009
301010010041044252120001218Bart                1
101010020041047253101113212010120611  610131
101010020041047253102222611010120611  61013104040
10101002004104725310331055101019999
10101002004104725310432035101
10101002004104725310532015101
20101002004104725311134041000664250005
301010020041047253120001219Lisa                1
301010010051054254120001222Bart                2
101010010052111255101122811010120211  74203105030
10101001005211125510232105101011021       9299999
10101001005211125510332055101019999
20101001005211125511135011000665250003
301010010052111255120001226Lisa                1
101010030051017256101115212010121311  317521
101010030051017256102225111010121311  41752105050
10101003005101725610332285101012131       9200000
10101003005101725610431235101011131       92
10101003005101725610531195101011131       92
10101003005101725610632315101012061       9200000
20101003005101725612121034000111140006
301010030051017256120001227Maggie              1
301010020051046257120001220Lisa                2
101010010052046258101125211010120411  61203110060
101010010052046258102216212010120411  612031
101010010052046258103322551010120611  61203100000
101010010052046258104312051010120411  612031
101010010052046258105311751010120511  612031
20101001005204625812135021000665250005
301010010052046258120001226Maggie              1
101010020051093259101112911010221411  822031
10101002005109325910222221101012111       9200000
10101002005109325910361135101012041       92
20101002005109325912123013000556140003
301010020051093259120001226Bart                1
101010030052056260101114112010120411  836021
10101003005205626010222401201012041       9208081
101010030052056260103311551010120511  920141
10101003005205626010432125101011051       9200000
10101003005205626010531115101011051       92
10101003005205626010632085101011029
10101003005205626010731065101011029
10101003005205626010831005101
20101003005205626011165041000665360008
301010030052056260120001225Lisa                1
101010030052059261101113511010120611  610131
101010030052059261102223711010120611  92014106061
10101003005205926110332105101011051       9299999
10101003005205926110432025101
10101003005205926110531025101
10101003005205926110631005101
101010030052059261107511751010120411  920141
101010030052059261108511651010120411  920141
10101003005205926110962145201012002       9200000
20101003005205926111125043000455250009
301010030052059261120001218Lisa                1
101010010051072262101114111010121111  347521
10101001005107226210222381101012061       9208080
10101001005107226210331185101011111       92
10101001005107226210432165101011081       9200000
10101001005107226210532145101011091       9200000
10101001005107226210631125101011091       92
10101001005107226210732105101012002       9299999
10101001005107226210832075101012009
10101001005107226210931055101019999
10101001005107226211032015101
101010010051072262111623621010120011  52003105030
10101001005107226211261245101011131       92
20101001005107226211121022000422240012
301010010051072262120001229Maggie              1
301010010051101263120001217Lisa                2
101010010051152264101113311010121111  8300 1
101010010051152264102222911010120911  52003104040
10101001005115226410332145101011101       9200000
10101001005115226410431135101011081       92
10101001005115226410531095101011069
10101001005115226410632065101011049
10101001005115226410752195101012041       9201010
10101001005115226410852195101012002       9200000
10101001005115226410952145101011061       9200000
10101001005115226411052015101
20101001005115226411321011000921140010
301010010051152264120001215Lisa                1
301010010051036265120001221Maggie              2
20101001005118726611669  4        0000
301010010051187266120001229Maggie              1
301010020052107267120001221Lisa                4
101010020051128268101112511010221411  242031
101010020051128268102221811010121111  9900 101010
10101002005112826810331005101
10101002005112826810451155101012081       92
20101002005112826812121012000522140004
301010020051128268120001218Bart                1
101010010051095269101113711010121311  238021
101010010051095269102223611500121311  23802104040
10101001005109526910332155101011101       9200000
10101001005109526910431135101011091       92
10101001005109526910531105101011051       92
10101001005109526910632085101011069
10101001005109526910752205101011131       9200000
10101001005109526910852175101011091       9200000
20101001005109526912121022000521150008
301010010051095269120001219Maggie              1
101010020052128270101114712010120221  610131
10101002005212827010222471201012021       9206040
10101002005212827010332145101012031       9200000
10101002005212827010432242101012051       9205050
10101002005212827010551105301012002       92
10101002005212827010652055101019999
10101002005212827010751065101012009
10101002005212827010851045101
10101002005212827010952005101
20101002005212827011135011000665250009
301010020052128270120001217Lisa                6
101010030051137271101126542010120411  61013107070
101010030051137271102323651010120411  61014105050
101010030051137271103511951010120511  610141
101010030051137271104511551010120021  610141
10101003005113727110551105101011022       92
10101003005113727110652065101011029
10101003005113727110752035101
101010030051137271108312751010121011  610131
20101003005113727111134041000664250008
301010030051137271120001221Lisa                1
301010010052023272120001222Bart                4
101010030052029273101125842010120021  61013114090
101010030052029273102321621010120511  61013100000
20101003005202927311135031000665250002
301010030052029273120001218Maggie              1
101010020052031274101125521010120021  61013113100
101010020052031274102312651010120611  610131
101010020052031274103322351010120311  61013100000
101010020052031274104312051010120511  610131
101010020052031274105321851010120311  61013100000
101010020052031274106321551010120311  61013100000
101010020052031274107311151010120021  610131
101010020052031274108511252010120021  610131
20101002005203127416              0008
301010020052031274120001220Bart                1
101010010051010275101114211010120511  610131
101010010051010275102224012010120021  61013110070
101010010051010275103321951010120311  61014100000
101010010051010275104311751010120021  610141
10101001005101027510532145101011021       9200000
10101001005101027510631105101011021       92
10101001005101027510731075101012009
10101001005101027510831025101
10101001005101027510931005101
20101001005101027511135011000665250009
301010010051010275120001223Maggie              1
101010020052047276101116412010120311  610131
101010020052047276102223411010120211  61013108051
101010020052047276103311051010120021  610031
10101002005204727610432075101012009
10101002005204727610531005101
101010020052047276106513721010120021  610131
101010020052047276107511151010120021  610131
20101002005204727611135011000666250007
301010020052047276120001215Maggie              1
101010020052019277101127112010120021  61013107070
10101002005201927710221731201012101       92
101010020052019277103512051010121011  610131
101010020052019277104511751010220811  610131
10101002005201927710551155101021111       92
10101002005201927710651145101021081       92
10101002005201927710752125101011081       9200000
10101002005201927710851095101011039
20101002005201927711135021000455250008
301010020052019277120001227Lisa                1
101010030052119278101117812010120511  610131
101010030052119278102226312010120021  61013108040
10101003005211927810352185101012061       9200000
10101003005211927810451085101012009
10101003005211927810552065101012009
10101003005211927810652055201019999
20101003005211927811135021000666250006
301010030052119278120001221Lisa                1
101010030052029279101116512010120411  610131
101010030052029279102223511010120021  74203108070
101010030052029279103311551010120311  610131
101010030052029279104311851010120021  610131
10101003005202927910531095101012009
10101003005202927910632035101
101010030052029279107522621010120411  74203100000
20101003005202927911135021000666250007
301010030052029279120001229Bart                1
301010020052101280120001219Bart                3
101010030052141281101114011010120311  610131
101010030052141281102223811010120611  61013110090
101010030052141281103311751010120411  610131
10101003005214128110432145101012041       9200000
10101003005214128110531095101012009
10101003005214128110632055101019999
10101003005214128110732025101
10101003005214128110831015101
101010030052141281109312111010120311  610131
101010030052141281110321911010120611  61013100000
101010030052141281111311811010120411  610131
101010030052141281112321612010120511  61013100000
101010030052141281113426942010120021  61013100000
20101003005214128116              0013
301010030052141281120001219Lisa                1
20101002005103128211129  4        0000
301010020051031282120001225Maggie              1
101010010052034283101113921010120511  610131
10101001005203428310231135101011061       92
10101001005203428310332085101011059
10101001005203428310432075101011029
20101001005203428312125011000455250004
301010010052034283120001217Lisa                1
101010010052049284101115411010120511  610131
101010010052049284102223812010120511  61014101010
101010010052049284103311251010121011  610141
101010010052049284104517842010120611  610141
10101001005204928410551075101011029
20101001005204928416              0005
301010010052049284120001224Lisa                1
101010010052045285101115012010120411  610131
10101001005204528510222341201012051       9209061
10101001005204528510332235201012061       9200000
101010010052045285104311551010120611  920141
10101001005204528510531135101011061       92
10101001005204528510632115101011051       9299999
10101001005204528510732045101
10101001005204528510831005101
20101001005204528511135011000665250008
301010010052045285120001217Maggie              1
101010010051128286101113711010321111  134511
101010010051128286102223911010121311  23802108080
10101001005112828610332205101011131       9200000
10101001005112828610431185101011131       92
10101001005112828610531185101011131       92
10101001005112828610631155101011111       92
10101001005112828610731125101011081       92
10101001005112828610832055101019999
10101001005112828610932035101
10101001005112828611051155101021081       92
101010010051128286111621651010120411  91952100000
10101001005112828611251402301072002       92
20101001005112828611123022000544140012
301010010051128286120001227Maggie              6
101010030051035287101123951010120511  61003108081
101010030051035287102321751010120511  74003100000
101010030051035287103311551010120411  610031
10101003005103528710432125101012022       9200000
10101003005103528710531135101012002       92
10101003005103528710631055101019999
10101003005103528710732035101
10101003005103528710831005101
20101003005103528711135041000665250008
301010030051035287120001228Lisa                1
20101003005112728811129  4        0000
301010030051127288120001216Lisa                1
20101001005114428911129  4        0000
301010010051144289120001217Bart                1
301010030051174290120001216Maggie              4
101010030051098291101113611010421111  517521
101010030051098291102223211010420611  61013103030
10101003005109829110332095101041069
10101003005109829110431075101011049
10101003005109829110532055101019999
20101003005109829112125012000544240005
301010030051098291120001218Bart                1
101010020051066292101127312010220811  74003100000
101010020051066292102217412010220611  740031
20101002005106629211125023000522350002
301010020051066292120001215Lisa                1
301010010052018293120001217Lisa                2
101010010051099294101123222010120411  61013108050
101010010051099294102311651010120111  610141
10101001005109929410332025101
101010010051099294104321151010720021  61014199999
20101001005109929412135013000665250004
301010010051099294120001227Bart                1
